Filout 
  0_Mn 

Range 
  -5. 0.2 45

Energpho 

Quadrupole 

Memory_save 

Relativism 

PBE

SCF 

Radius 
  5.75 

Crystal 
  14.274689 5.699096 4.982347 72.937957 72.881177 59.704126 
  3 0.097039 0.259174 0.496031 
  3 0.099638 0.748420 0.497675 
  3 0.296652 0.253569 0.512644 
  3 0.301350 0.745808 0.502866 
  3 0.500000 0.250000 0.500000 
  3 0.500000 0.750000 0.500000 
  3 0.703348 0.246431 0.487356 
  3 0.698650 0.754192 0.497134 
  3 0.902961 0.240826 0.503969 
  3 0.900362 0.751580 0.502325 
  25 0.397684 0.506084 0.006264 
  25 0.602316 -0.006084 -0.006264 
  27 -0.001108 0.001081 0.004778 
  27 0.001108 0.498919 -0.004778 
  28 0.197368 0.003548 -0.002008 
  28 0.197203 0.502330 0.002080 
  28 0.399630 -0.000156 -0.000413 
  28 0.600370 0.500156 0.000413 
  28 0.802797 -0.002330 -0.002080 
  28 0.802632 0.496452 0.002008 
  8 0.047820 0.134361 0.222418 
  8 0.050100 0.629827 0.217659 
  8 0.240199 0.140980 0.212545 
  8 0.257657 0.620716 0.241638 
  8 0.455904 0.136482 0.228988 
  8 0.446517 0.617702 0.234621 
  8 0.656967 0.108974 0.216134 
  8 0.650584 0.642952 0.233712 
  8 0.857924 0.121078 0.239219 
  8 0.851429 0.631434 0.207012 
  8 0.142076 0.378922 0.760781 
  8 0.148571 0.868566 0.792988 
  8 0.343033 0.391026 0.783866 
  8 0.349416 0.857048 0.766288 
  8 0.544096 0.363518 0.771012 
  8 0.553483 0.882298 0.765379 
  8 0.759801 0.359020 0.787455 
  8 0.742343 0.879284 0.758362 
  8 0.952180 0.365639 0.777582 
  8 0.949900 0.870173 0.782341 

Z_Absorber
  25 

Edge 
  L23

Convolution 

End